NID	PE	ING	AL	AD	V	A	O	D
1	4	47298	9336	4828	1	0	0	1
2	5	41739	7490	3840	1	1	0	1
3	2	43480	9205	3624	0	1	0	1
4	3	36991	7587	4223	1	0	0	1
5	3	31259	6372	2906	1	0	0	1
6	1	34246	6871	5145	1	0	1	1
7	4	43698	9789	4377	0	1	0	1
8	2	55049	10880	4589	0	1	0	1
9	2	52371	9752	6184	1	0	0	1
10	3	33274	6507	3335	1	0	0	1
11	3	42086	8767	5219	1	0	0	1
12	3	34115	6240	3243	1	0	0	1
13	2	34306	7403	3192	1	1	0	1
14	2	36945	7396	4027	1	1	0	1
15	2	53344	10465	6383	0	0	0	1
16	3	40847	7783	3723	1	1	0	1
17	5	35899	7677	2817	1	0	0	1
18	3	42546	8181	5137	0	1	0	1
19	3	37580	7736	4491	0	1	0	1
20	2	40902	8209	3749	1	1	0	1
21	2	51243	11572	4299	0	1	0	2
22	3	41463	8675	4532	1	0	0	2
23	3	32242	6224	3258	0	0	0	2
24	3	39982	8895	2814	1	1	0	2
25	4	41524	10694	4122	1	0	0	2
26	3	36557	7455	3061	1	1	0	2
27	2	40026	7691	3284	0	0	0	2
28	3	38400	7797	4014	0	0	0	2
29	3	43282	8483	3591	1	0	0	2
30	1	40422	7734	4550	1	1	0	2
31	4	44914	9745	5599	1	0	0	3
32	3	45132	9150	4334	0	0	0	3
33	1	42784	8246	4283	1	0	0	3
34	2	42952	8056	4595	0	0	0	3
35	3	38553	8162	3491	1	1	0	3
36	4	37272	7535	3272	1	0	0	3
37	2	36197	6961	3100	1	0	0	3
38	4	41672	7656	3879	0	0	0	3
39	2	44147	9576	3663	1	1	0	3
40	2	35837	8486	3485	1	1	0	3
41	3	35255	7383	3037	1	1	0	3
42	3	38256	7781	3778	1	0	0	3
43	3	40063	8812	3914	0	0	0	3
44	3	43854	10318	3739	0	0	0	3
45	2	43094	9857	4701	1	1	0	3
46	3	44665	9362	3810	1	0	0	4
47	2	40326	8855	3608	1	0	0	4
48	4	32676	6409	3532	1	0	0	4
49	2	39957	7512	5359	0	0	0	4
50	2	42371	8130	4209	1	1	0	4
51	5	39196	8497	4515	1	0	0	4
52	3	37453	7661	4324	1	1	0	4
53	1	41680	8351	3547	0	0	0	4
54	1	39958	8243	3552	1	1	0	4
55	3	33620	6074	3178	1	1	0	4
56	6	45658	8223	5080	1	1	0	4
57	2	43913	8801	4684	1	0	0	4
58	1	30488	6399	3056	1	0	0	4
59	4	46063	8314	3755	1	1	0	4
60	2	41840	8349	5038	1	0	1	4
61	1	50378	10327	5075	1	0	0	4
62	4	46079	9967	5142	1	1	0	4
63	3	49426	9316	4376	1	1	0	4
64	4	39905	8684	4873	0	0	0	4
65	1	37015	7436	3252	1	1	0	4
66	1	39787	8181	3288	0	1	0	5
67	4	31051	6739	3430	0	0	1	5
68	4	39551	7646	3782	0	0	0	5
69	2	42076	7726	4653	1	1	0	5
70	2	47077	9582	4155	1	1	0	5
71	3	42393	9294	3243	1	0	0	5
72	4	40531	8460	4038	0	0	0	5
73	3	41843	9078	4157	1	0	0	5
74	4	38877	8167	3889	1	1	1	5
75	4	46589	9877	4873	1	1	0	5
76	2	41818	8643	3439	1	1	0	6
77	4	43092	9577	4347	1	0	0	6
78	4	42084	8738	4480	1	0	0	6
79	3	31980	6655	3308	0	0	0	6
80	4	44306	8447	5096	1	0	1	6
81	3	41973	8854	3689	0	0	0	6
82	1	35944	7870	3645	1	0	0	6
83	2	33781	6979	3163	1	0	0	6
84	4	42979	8633	4670	0	1	0	6
85	2	44014	9263	4382	1	0	0	6
86	5	42747	9240	4996	0	0	0	6
87	3	46084	10677	3198	1	0	0	6
88	4	44493	8304	4165	1	0	0	6
89	1	44916	9182	2302	0	0	0	6
90	3	41282	7779	4102	1	1	0	6
91	3	36372	7805	3553	0	0	0	7
92	5	46106	9323	4981	1	0	0	7
93	3	46845	8734	5308	1	1	0	7
94	2	51473	9618	5475	0	0	0	7
95	2	44753	8646	4746	1	0	0	7
96	3	41896	9201	4233	1	0	0	7
97	4	44893	9459	4360	1	1	1	7
98	4	38656	7261	3758	1	1	0	7
99	4	45079	9687	6574	1	0	0	7
100	1	47192	10472	5857	1	0	0	7
101	2	43406	9751	4271	1	1	0	7
102	1	40915	7916	3863	0	0	0	7
103	1	30146	5547	2634	1	1	0	7
104	3	42174	7621	4571	1	1	0	7
105	4	36860	6711	4824	0	0	0	7
106	5	37923	8882	4176	0	0	0	7
107	2	38177	7279	2812	1	0	0	7
108	3	35571	5826	3578	1	0	0	7
109	3	34980	7693	4556	1	0	0	7
110	4	39724	7717	3519	0	0	0	7
111	2	32742	5045	2912	1	0	0	8
112	2	39387	8945	4168	1	1	0	8
113	2	31778	6384	2763	0	0	0	8
114	2	43896	8687	5034	1	1	0	8
115	5	38341	7752	3420	1	0	0	8
116	3	45607	8968	5667	1	1	0	8
117	3	38213	7086	4273	1	1	0	8
118	5	36193	8005	3672	0	0	0	8
119	1	35228	6606	3684	1	0	0	8
120	1	35118	7539	2563	1	0	0	8
121	4	46370	9021	4299	0	0	0	9
122	3	42491	9194	4336	0	0	1	9
123	3	39336	7265	3913	1	0	0	9
124	1	40630	7684	3853	1	1	0	9
125	1	35166	7182	4439	1	0	0	9
126	4	38009	8414	2943	0	0	0	9
127	4	36302	8322	4657	1	0	0	9
128	1	40624	8481	3783	0	0	0	9
129	1	36440	7462	3184	0	0	0	9
130	2	42429	9808	4105	0	0	1	9
131	2	43865	10084	4690	0	0	0	9
132	2	45322	10152	4529	1	1	0	9
133	5	34705	6657	3803	1	1	0	9
134	5	45401	8139	4114	1	0	0	9
135	2	42224	8078	4246	1	0	0	9
136	2	39465	8125	3001	1	1	0	10
137	1	43499	8710	4230	1	0	0	10
138	3	35360	6729	3638	0	0	0	10
139	2	46662	10592	5239	1	1	0	10
140	1	43023	8810	4119	1	0	0	10
141	1	41807	8592	3864	1	0	0	10
142	2	46105	10466	4004	0	0	0	10
143	4	47695	9252	5200	1	0	0	10
144	3	38248	7627	2451	0	1	0	10
145	4	45978	9404	5308	0	0	0	10
146	4	34567	7088	3830	0	0	0	10
147	3	30919	6677	2516	1	1	0	10
148	4	43247	8196	4161	0	1	0	10
149	3	47655	8917	5920	1	0	0	10
150	4	44468	8559	3966	0	0	0	10
151	2	44510	9742	4816	1	1	0	10
152	4	38531	7507	4435	1	0	0	10
153	3	39294	7287	3749	1	1	0	10
154	4	36416	7109	3806	1	0	0	10
155	2	43486	9921	4050	1	1	0	10
156	1	48492	10107	3719	1	1	1	11
157	3	41733	8231	3592	0	0	0	11
158	2	39962	7242	4576	1	1	0	11
159	4	36127	7646	3575	1	0	0	11
160	1	34850	7713	4055	1	0	0	11
161	3	40885	8507	2977	0	0	0	11
162	2	41855	7113	3630	1	1	0	11
163	3	36794	6299	3530	1	1	0	11
164	2	42090	7904	3856	0	1	1	11
165	3	36791	7476	2944	0	0	0	11
166	5	32687	6357	2681	1	0	1	12
167	4	37867	8652	3870	0	0	0	12
168	2	42886	7622	4527	1	0	0	12
169	3	36176	7990	3679	1	0	0	12
170	3	31632	5943	2194	1	1	0	12
171	3	43218	8933	3739	1	0	0	12
172	2	39265	7801	3178	1	0	0	12
173	3	47377	10061	4175	1	0	0	12
174	2	36757	7695	4355	0	0	1	12
175	2	38251	7879	3460	1	1	0	12
176	4	45419	9048	3745	0	0	0	12
177	3	32305	5190	3239	0	1	0	12
178	2	34327	6863	3273	1	1	0	12
179	6	43726	7586	3571	0	0	0	12
180	3	33119	6765	2836	0	1	0	12
181	3	50161	11480	5371	1	1	0	13
182	3	35562	7419	3060	0	0	0	13
183	1	40527	9329	3424	1	0	0	13
184	3	40665	7960	5061	1	1	0	13
185	2	37571	8659	3713	1	0	0	13
186	3	44262	8656	5269	1	0	0	13
187	2	42587	8328	4256	0	0	0	13
188	3	46309	9587	5368	0	1	0	13
189	5	34832	7608	2837	1	1	1	13
190	2	33757	6005	3761	0	0	0	13
191	3	50132	9851	3822	0	1	0	13
192	1	52082	11613	3612	1	0	0	13
193	1	37964	7521	3225	0	0	1	13
194	2	31611	6250	2985	1	1	1	13
195	4	30458	6422	2637	1	1	0	13
196	1	48979	9845	5538	1	1	0	13
197	4	41246	8817	4574	0	0	0	13
198	1	35507	7762	4029	0	0	0	13
199	4	48402	8637	3665	0	1	0	13
200	4	39421	8554	4000	1	0	0	13
201	3	39931	8833	4287	0	0	0	14
202	4	33774	6607	3301	1	0	0	14
203	2	38720	7744	3177	0	0	0	14
204	5	32941	6715	3134	0	0	0	14
205	1	42823	9612	3248	0	1	0	14
206	1	38974	7732	3905	0	1	0	14
207	5	37536	6802	3807	1	1	0	14
208	2	41035	8156	3975	1	0	1	14
209	1	34403	7884	3914	0	0	0	14
210	4	32990	6262	3069	0	1	0	14
211	3	40065	8389	3788	1	0	0	15
212	2	47102	9765	4542	1	1	0	15
213	4	36198	7612	4422	1	1	1	15
214	2	37064	7945	2919	1	1	0	15
215	2	46800	10098	4658	1	1	1	15
216	1	47429	11559	5310	0	0	0	15
217	4	42070	7832	5770	0	0	0	15
218	4	45204	8664	4849	0	0	0	15
219	4	45330	8757	5030	1	1	1	15
220	2	39142	8043	4326	0	0	0	15
221	5	32121	6463	3676	1	1	0	15
222	4	49417	9277	3692	1	1	1	15
223	1	44998	8488	4144	1	0	0	15
224	3	36070	7955	4008	1	1	0	15
225	1	44901	9784	4313	1	1	0	15
226	4	40188	8523	4964	1	0	0	16
227	2	36582	6399	2997	0	0	0	16
228	1	43451	8712	4229	1	1	0	16
229	3	42600	8956	4177	1	1	0	16
230	2	40653	8978	4467	1	0	0	16
231	4	34173	6934	3540	1	0	0	16
232	3	47436	9019	4888	1	1	0	16
233	3	43918	8392	4108	1	0	0	16
234	4	49450	10222	4489	0	0	0	16
235	4	41808	8649	3686	1	1	0	16
236	1	39555	7037	3510	1	1	0	16
237	4	46666	9133	5199	1	1	0	16
238	3	37994	7365	3442	0	0	0	16
239	3	37212	6738	3399	0	1	1	16
240	2	35229	5867	3730	0	1	0	16
241	1	36608	6744	3128	1	0	0	16
242	3	40909	8895	4045	1	1	0	16
243	5	36336	7305	3755	1	1	1	16
244	3	35889	7577	3933	0	1	0	16
245	1	39480	9076	3932	1	1	0	16
246	2	38268	8935	4441	1	0	0	17
247	3	42005	9338	4404	1	0	0	17
248	1	35020	7008	3594	0	1	0	17
249	3	41243	8016	4243	0	0	0	17
250	4	45274	9095	4040	0	0	0	17
251	2	40604	9541	3940	0	1	0	17
252	2	42380	8027	4639	0	0	0	17
253	3	42576	9677	5134	1	0	1	17
254	3	48097	8888	4592	1	0	1	17
255	4	39953	8221	3777	0	0	0	17
256	3	48089	10060	4481	1	1	0	18
257	5	31991	6703	3139	0	0	0	18
258	1	35441	7314	3259	0	0	0	18
259	4	37890	8577	4205	1	0	0	18
260	3	40821	8941	4876	0	0	0	18
261	1	38477	7861	3534	0	0	0	18
262	4	47318	9862	5333	1	1	0	18
263	1	45449	9687	4681	1	0	1	18
264	4	36785	6889	3175	1	0	0	18
265	1	33072	7014	3152	1	0	0	18
266	4	39286	7912	4801	1	0	0	18
267	2	45414	10173	4864	1	0	1	18
268	4	36677	6877	3251	1	0	0	18
269	3	38259	7198	4419	1	0	0	18
270	1	45707	9737	4726	1	0	0	18
271	5	40202	8280	3030	0	0	0	19
272	4	46410	8578	4537	1	1	0	19
273	4	48246	8924	5293	0	1	0	19
274	2	44316	8478	3759	1	1	0	19
275	1	30694	6002	2399	0	1	1	19
276	1	31376	5779	2986	1	0	0	19
277	2	30661	6089	2259	0	0	0	19
278	1	46658	9170	5198	1	1	0	19
279	4	43219	8103	3726	1	1	0	19
280	2	35178	7592	3272	1	1	0	19
281	3	49361	9149	4214	1	0	1	19
282	1	37852	6365	4703	0	1	0	19
283	4	46870	10367	4850	0	0	0	19
284	3	43776	9857	5217	1	1	0	19
285	2	43048	8903	4669	1	1	0	19
286	3	44105	8965	5267	1	1	1	19
287	2	43331	9138	4418	1	0	0	19
288	2	45977	9486	4375	0	0	0	19
289	1	44367	9130	4178	0	1	0	19
290	1	36412	7534	3145	1	1	0	19
291	5	46422	10065	4441	1	1	0	20
292	2	46216	9899	6186	0	0	0	20
293	6	34183	7705	3797	0	1	0	20
294	3	38894	7325	2577	1	0	0	20
295	5	38530	7931	4032	1	0	0	20
296	5	35551	6982	3757	1	0	0	20
297	5	45720	9764	5103	1	1	0	20
298	3	40199	8368	4627	0	0	0	20
299	4	41127	7661	3132	1	1	0	20
300	1	46825	9726	3774	0	0	0	20
301	4	34800	7243	3820	1	0	0	21
302	3	32605	5755	3204	1	1	0	21
303	4	49762	10910	4880	1	1	0	21
304	1	36262	6636	3140	0	0	0	21
305	4	33820	6180	4037	1	0	0	21
306	1	34209	6712	3197	1	0	0	21
307	4	43164	7726	4049	0	1	0	21
308	2	35957	6808	3000	0	0	0	21
309	1	46490	10362	3952	1	0	0	21
310	4	35599	7415	3502	0	1	0	21
311	6	43335	9577	4593	1	0	0	21
312	4	43199	8121	4642	1	0	0	21
313	4	31324	7008	2988	1	1	0	21
314	4	46208	10066	4519	1	0	0	21
315	5	42073	8058	4230	1	0	0	21
316	2	42861	8413	3468	0	0	0	22
317	3	46898	10076	5645	1	0	0	22
318	1	40394	7948	3985	0	1	1	22
319	5	36638	7447	4592	0	0	0	22
320	5	40359	7420	4409	0	1	0	22
321	2	41013	8801	3988	1	0	0	22
322	4	47689	9364	4700	1	0	0	22
323	1	43257	9614	3770	0	0	0	22
324	1	30506	6617	2897	0	0	0	22
325	2	41589	7086	3925	0	0	0	22
326	4	40487	8621	4345	1	1	1	22
327	5	51582	10934	5506	1	0	0	22
328	1	44896	9774	4076	1	0	0	22
329	3	48991	10886	4228	1	1	0	22
330	1	32612	6814	3169	1	0	0	22
331	3	42303	8465	3282	1	0	1	22
332	3	43765	10273	4572	0	0	0	22
333	3	34461	7579	4115	1	0	0	22
334	6	42203	8502	4297	1	0	0	22
335	2	40079	9448	3429	0	0	0	22
336	1	33262	7120	3106	1	0	0	23
337	1	40708	8915	4175	1	1	0	23
338	2	39891	6937	4481	0	0	0	23
339	2	46945	9146	4768	1	1	1	23
340	6	47188	8948	3655	1	1	0	23
341	3	36273	7453	4207	0	0	0	23
342	3	38876	7804	3700	0	0	0	23
343	1	32834	6119	3764	1	1	0	23
344	3	34023	6338	4023	1	1	0	23
345	2	43803	10041	4234	1	0	0	23
346	5	36239	7579	4181	1	1	0	24
347	3	39878	8411	3490	0	0	0	24
348	4	39127	6948	4278	1	0	0	24
349	6	34239	7278	3121	0	0	0	24
350	2	38264	7229	5006	1	1	0	24
351	2	36419	7797	4460	0	1	0	24
352	3	40260	7919	3905	1	0	0	24
353	4	40233	7607	3604	1	0	0	24
354	5	46575	9040	4427	0	1	0	24
355	2	39271	7766	3659	1	0	1	24
356	4	35478	7184	3823	1	0	0	24
357	4	35852	7329	3933	1	1	0	24
358	3	41121	9175	4524	0	0	0	24
359	3	45901	9544	3405	0	0	0	24
360	4	40345	9034	3976	0	0	1	24
361	2	39273	7916	4212	0	0	0	25
362	3	36845	7285	4086	0	0	0	25
363	3	38809	7616	4143	1	0	0	25
364	3	39924	8975	2587	1	0	0	25
365	1	48152	10021	4163	1	0	0	25
366	2	42489	8326	4175	0	1	0	25
367	4	44308	8918	3881	0	0	0	25
368	4	41503	7834	4121	1	0	0	25
369	2	37358	8158	2978	0	0	0	25
370	1	34963	6256	3595	1	1	0	25
371	5	37882	7932	3862	1	0	0	25
372	3	38966	8528	4061	1	1	0	25
373	4	38755	8599	2748	0	0	0	25
374	2	42717	8637	4403	1	0	0	25
375	3	43319	10071	4885	0	0	0	25
376	2	54774	9613	4084	1	0	0	25
377	3	32728	6511	2805	1	1	0	25
378	2	36555	7376	3158	0	0	0	25
379	4	42794	9280	3308	1	1	0	25
380	4	45478	9374	5251	1	0	0	25
381	1	36127	7422	3748	0	0	0	26
382	3	36329	7358	4124	0	0	0	26
383	4	40103	8000	3731	0	1	0	26
384	1	46695	9829	4977	0	0	0	26
385	3	46332	9846	5604	0	1	0	26
386	4	46949	9153	4554	1	1	0	26
387	2	44708	8941	3474	1	0	0	26
388	1	38667	7358	4144	0	0	0	26
389	2	46201	10133	4729	0	1	0	26
390	4	48307	11035	4136	1	0	0	26
391	4	41896	7480	3593	0	0	0	27
392	2	44631	9207	5288	1	1	0	27
393	2	36554	6957	3992	1	0	0	27
394	3	44115	9710	4304	0	0	0	27
395	5	43914	9254	4665	1	1	0	27
396	3	31257	6163	3464	0	0	0	27
397	3	39205	7551	4256	0	0	0	27
398	5	40472	7990	3563	0	0	0	27
399	1	47606	10637	4286	1	1	0	27
400	4	36443	7385	3900	0	1	0	27
401	2	45420	9100	4543	0	1	0	27
402	3	38160	7854	4833	1	0	0	27
403	3	36619	7726	3117	0	1	0	27
404	4	40750	8658	3825	1	1	0	27
405	1	34168	6069	3069	1	0	0	27
406	2	41624	8349	4376	1	0	0	28
407	4	51478	9766	4887	0	0	0	28
408	2	41043	8124	3998	0	0	0	28
409	4	40788	8119	4213	1	0	0	28
410	4	43026	9529	3280	1	0	0	28
411	1	48384	9306	5904	1	0	0	28
412	2	37056	7474	3025	0	1	1	28
413	2	37717	7378	3619	1	0	1	28
414	3	35306	7196	3897	0	0	0	28
415	2	51783	9730	6333	1	1	0	28
416	1	40555	7888	3582	1	0	0	28
417	1	41944	8033	3845	1	0	0	28
418	3	42686	9284	3664	1	0	0	28
419	1	37887	8018	3870	1	1	0	28
420	1	43039	8095	6076	1	1	0	28
421	2	38898	8173	4380	0	0	0	28
422	2	47048	9822	5282	0	1	0	28
423	4	46346	9241	5074	1	0	0	28
424	1	37910	7911	3655	0	0	0	28
425	5	42444	8327	4009	1	1	0	28
426	4	33632	7131	2295	0	0	0	29
427	1	37245	7211	3561	0	0	0	29
428	2	33055	6109	2927	1	1	0	29
429	3	40689	6891	4127	1	1	0	29
430	3	34488	7337	2687	1	1	0	29
431	2	35628	7732	3713	0	1	0	29
432	2	34777	7569	3588	1	1	0	29
433	2	42261	9730	5062	1	0	1	29
434	2	33114	7318	3056	0	1	0	29
435	2	40723	7576	4248	1	0	0	29
436	2	39005	8988	3520	1	1	0	30
437	4	42781	7602	5736	0	1	0	30
438	3	38735	6488	3882	1	0	0	30
439	1	32065	5709	2832	0	0	0	30
440	1	35739	7066	3417	1	0	0	30
441	3	41183	8710	3307	1	0	0	30
442	4	33631	6614	4189	1	0	0	30
443	4	44699	9759	5024	0	0	1	30
444	2	47639	9819	5387	1	0	0	30
445	3	40597	8272	3848	1	0	0	30
446	1	51988	11381	5398	0	1	0	30
447	4	30654	6726	3218	1	0	0	30
448	1	33726	6691	3226	0	0	0	30
449	4	43463	9057	2950	1	0	0	30
450	1	38675	8439	2885	0	0	0	30
451	4	43871	8611	4190	1	1	0	31
452	4	39111	7747	3833	1	1	0	31
453	3	45570	8257	4872	0	0	0	31
454	3	36406	7897	4001	0	1	0	31
455	1	40785	8044	4278	0	1	0	31
456	5	31695	7022	4228	0	0	0	31
457	2	38715	7167	4716	1	0	0	31
458	3	49722	8965	4182	1	1	0	31
459	3	48721	9254	5302	1	1	0	31
460	2	41785	7959	5131	0	0	1	31
461	5	36659	6519	3963	0	0	0	31
462	3	44220	8190	4401	1	0	1	31
463	1	49331	10908	4748	0	0	0	31
464	3	35556	6469	3162	0	1	0	31
465	3	36985	8021	4573	0	0	0	31
466	4	44943	8719	4575	0	1	0	31
467	1	37929	8366	2673	1	0	0	31
468	1	36058	7646	3164	1	0	0	31
469	4	41432	8178	3375	0	0	1	31
470	2	37013	7602	3516	1	0	0	31
471	4	31089	6495	2848	0	0	0	32
472	4	37665	7592	4323	1	0	0	32
473	2	39840	8926	3413	0	1	0	32
474	4	43339	8287	4691	1	0	0	32
475	5	37862	6936	4148	1	1	0	32
476	3	34296	7409	2770	1	0	0	32
477	2	44085	10368	4507	1	1	0	32
478	4	35305	6603	3251	1	1	0	32
479	2	44530	8941	3759	0	1	0	32
480	2	52149	11708	6205	1	0	0	32
481	2	40556	7942	5152	1	1	1	33
482	1	39973	9246	2895	1	1	0	33
483	1	39164	8992	4305	0	0	0	33
484	4	37521	7914	3077	1	1	0	33
485	3	32065	6304	3730	0	0	0	33
486	2	42847	8956	3688	1	0	0	33
487	4	36485	6985	3575	1	0	0	33
488	2	36138	7016	2506	1	0	0	33
489	5	49936	9411	4738	1	0	1	33
490	1	35271	7903	4097	0	1	0	33
491	3	39604	6870	2931	1	1	1	33
492	4	50727	11238	4475	0	0	0	33
493	3	40961	7704	3931	1	0	0	33
494	4	44892	9852	5732	0	1	0	33
495	1	40852	7928	4646	0	1	0	33
496	3	32730	6660	3115	1	1	0	34
497	5	48894	9647	6215	1	0	1	34
498	1	37625	6925	2957	1	1	0	34
499	5	38883	7393	4816	1	1	0	34
500	2	44129	8924	5366	0	0	0	34
501	4	35201	6565	4075	1	0	0	34
502	3	39562	7065	3812	0	0	0	34
503	1	39223	6892	5203	1	1	0	34
504	2	35301	6503	2844	1	0	0	34
505	3	53722	11271	5581	1	1	0	34
506	1	42258	7630	5324	1	1	0	34
507	1	30475	6674	2350	1	0	0	34
508	4	39844	7894	4509	1	0	0	34
509	1	38952	8617	3537	1	0	0	34
510	2	44837	9461	4224	1	1	0	34
511	3	43349	8855	3617	1	1	0	34
512	4	47314	9441	5298	1	0	0	34
513	3	42621	8334	4593	1	0	0	34
514	4	36344	8300	3826	0	0	0	34
515	4	44711	8483	5456	1	0	1	34
516	1	44816	8477	4684	1	0	0	35
517	5	43265	8878	3848	1	1	0	35
518	3	36798	7210	3460	0	1	1	35
519	2	38848	7976	4238	1	0	0	35
520	4	38370	8475	4585	1	1	0	35
521	2	38469	8135	4717	0	0	0	35
522	2	40371	7873	4082	0	0	0	35
523	5	33114	6879	3342	1	0	0	35
524	4	40004	7595	4344	1	0	0	35
525	2	39476	7628	3019	1	0	0	35
526	2	39124	8036	4532	0	0	0	36
527	2	40169	7189	4324	0	1	0	36
528	2	41512	8274	3813	1	1	0	36
529	3	37847	7138	4218	1	0	0	36
530	2	40763	7552	3955	1	0	1	36
531	4	33984	6517	2986	0	0	0	36
532	3	50802	10775	5540	1	0	0	36
533	3	38856	7614	3412	0	0	0	36
534	3	38825	8115	4160	1	0	1	36
535	3	36801	7505	3171	1	0	0	36
536	3	36783	7943	4241	1	0	0	36
537	5	41313	8177	4038	0	0	0	36
538	4	38745	6589	4650	1	0	1	36
539	1	34238	6954	2891	0	0	0	36
540	1	38726	7105	4199	1	1	0	36
541	3	38504	7557	4376	1	1	0	37
542	5	33243	7405	3232	1	0	0	37
543	4	35732	8140	4073	0	0	0	37
544	2	51030	9447	4391	1	0	0	37
545	4	40223	8888	3173	0	0	0	37
546	1	46372	9663	4207	1	0	0	37
547	1	43314	8863	3757	1	0	0	37
548	2	41689	8658	3975	1	0	1	37
549	1	44405	9434	4772	1	0	0	37
550	4	34941	6997	3162	1	0	0	37
551	1	34783	7185	3755	0	0	0	37
552	2	40525	8232	4224	0	0	0	37
553	2	36336	6728	3979	1	1	0	37
554	4	45853	8530	4956	0	0	0	37
555	2	44936	8520	4102	1	0	0	37
556	3	31249	6593	3191	1	1	0	37
557	1	41657	7846	3666	1	0	0	37
558	1	38256	8747	4082	1	1	0	37
559	1	33296	6094	3699	0	0	0	37
560	3	41905	8136	4155	1	1	0	37
561	5	46310	9568	5222	1	0	0	38
562	2	34604	7579	3168	0	1	0	38
563	5	32703	7860	3115	0	0	0	38
564	3	30052	5482	2728	1	1	0	38
565	2	43746	8266	4902	0	0	0	38
566	1	31143	5896	3745	0	0	0	38
567	3	38993	8277	2612	0	0	0	38
568	1	37472	7455	2832	1	1	0	38
569	2	45121	10623	4757	1	1	0	38
570	3	42084	8816	4207	1	0	0	38
571	4	37879	7575	3156	0	1	0	39
572	3	44671	9083	4949	0	1	0	39
573	1	42164	7300	4706	0	1	0	39
574	3	30906	6089	3623	0	1	0	39
575	3	36229	6869	3667	0	0	0	39
576	3	51093	10711	5549	0	0	0	39
577	1	37408	7851	3962	0	1	0	39
578	2	47224	9714	4488	1	0	0	39
579	3	39930	8028	3723	0	0	0	39
580	2	41999	8974	5284	0	0	0	39
581	2	46479	8348	4683	1	0	0	39
582	5	32662	6168	3043	1	1	0	39
583	2	35512	7178	3164	1	1	0	39
584	3	42948	7885	3636	0	0	0	39
585	2	42115	9151	4581	1	1	0	39
586	4	39166	7838	4176	0	0	0	40
587	2	42740	7633	3844	0	1	1	40
588	3	37801	7776	3695	1	1	0	40
589	5	44613	9887	5454	1	0	0	40
590	1	38201	9331	4114	1	0	0	40
591	2	40340	9434	4101	1	0	0	40
592	4	41213	9526	3905	0	0	0	40
593	2	38393	7008	3576	1	0	1	40
594	1	44254	9094	4509	1	0	0	40
595	2	42068	8696	3525	0	1	0	40
596	1	41520	7459	3694	0	1	0	40
597	4	39359	8875	3648	1	0	0	40
598	3	41106	8553	3622	1	1	0	40
599	3	40287	8723	3053	0	0	0	40
600	3	39987	7672	3847	1	1	0	40
601	2	37749	7358	3573	0	0	1	40
602	4	44279	9135	3684	0	1	0	40
603	2	39260	6869	3419	1	0	0	40
604	4	42332	8644	5456	1	1	1	40
605	2	36160	6722	3123	0	1	0	40
606	3	43123	8586	4379	1	0	0	41
607	1	45336	8440	5329	0	1	0	41
608	4	43474	10466	5152	0	0	0	41
609	1	42441	8613	5577	1	0	0	41
610	2	40968	8560	4080	1	0	1	41
611	2	41212	9040	3699	0	0	0	41
612	1	41449	7339	3473	1	0	0	41
613	1	47129	8889	5332	0	0	0	41
614	2	36774	8310	3897	0	0	0	41
615	1	41471	8059	3727	1	1	0	41
616	3	46411	8452	3835	1	0	0	42
617	1	45130	9910	3989	1	1	0	42
618	2	36730	6675	4123	1	1	0	42
619	3	31576	7251	3112	1	0	0	42
620	3	45678	10849	3915	0	1	0	42
621	2	46324	9328	5081	0	0	0	42
622	3	39225	7540	3722	1	1	0	42
623	3	37506	7570	3880	0	1	0	42
624	3	45747	9146	5454	1	1	0	42
625	1	39778	7962	4611	1	0	0	42
626	4	31644	6557	3276	1	1	0	42
627	3	53226	10965	5589	1	0	0	42
628	4	37220	8896	4095	1	0	0	42
629	2	41271	8422	3500	1	1	0	42
630	5	37406	6821	4147	1	1	0	42
631	4	38176	7852	4267	1	0	0	43
632	2	43575	9490	4815	1	0	0	43
633	1	43793	7829	4454	1	1	0	43
634	3	41705	9017	4789	1	0	0	43
635	1	46966	8899	4100	1	1	0	43
636	2	33860	7313	3587	0	1	0	43
637	4	31138	7211	3359	1	1	0	43
638	5	34248	7479	3414	0	0	0	43
639	4	38220	7569	3282	1	1	0	43
640	2	41975	8909	4407	0	0	0	43
641	2	42188	7985	4239	1	0	0	43
642	1	37763	8242	3605	1	1	0	43
643	3	41877	8872	4634	0	0	1	43
644	3	36636	6833	3847	1	0	1	43
645	4	48022	10183	4878	1	0	0	43
646	3	45505	9502	5288	1	0	0	43
647	2	38560	8486	3479	1	0	1	43
648	4	38868	7812	4514	1	0	0	43
649	4	39702	7254	4753	1	1	0	43
650	4	40639	6914	4291	0	1	0	43
651	4	40538	9280	4849	0	1	0	44
652	4	43090	8174	4115	1	0	0	44
653	5	41446	8834	4365	0	1	0	44
654	1	36483	8309	3518	1	1	0	44
655	1	38972	7984	3502	1	1	0	44
656	5	38170	6993	4209	0	1	0	44
657	4	46175	8497	5208	1	1	1	44
658	4	41524	8923	4448	1	1	0	44
659	1	41822	8455	4226	1	0	1	44
660	3	44292	9290	5223	1	1	0	44
661	3	46252	8491	4889	0	1	0	45
662	1	42563	9386	3724	0	0	0	45
663	4	42703	7692	3944	1	1	0	45
664	3	39641	6887	3192	1	1	0	45
665	1	41767	9238	3078	0	0	0	45
666	4	39970	9140	3343	1	0	0	45
667	3	34968	7760	3800	0	1	0	45
668	4	49027	10543	4805	0	1	0	45
669	2	40864	7775	4201	1	1	0	45
670	4	35640	7080	3330	1	0	0	45
671	4	48637	9994	6452	1	0	0	45
672	1	39844	8439	3974	0	0	0	45
673	4	46187	8285	3323	1	0	0	45
674	3	38419	8566	2982	1	0	0	45
675	1	38528	7557	3917	1	1	0	45
676	2	42816	9168	4235	1	0	0	46
677	5	44001	7512	4606	1	1	0	46
678	4	41652	7757	4087	1	0	0	46
679	2	46791	9168	5042	1	1	1	46
680	4	43465	8351	2929	1	1	0	46
681	4	45672	8520	5032	0	0	0	46
682	4	41309	8432	3476	1	1	1	46
683	4	42010	8418	2822	1	1	0	46
684	2	45244	8347	4946	1	0	0	46
685	3	36208	7326	4443	1	0	0	46
686	2	43098	8930	4572	1	0	0	46
687	1	42089	8266	5284	1	1	0	46
688	2	35257	7866	3896	0	0	0	46
689	2	34520	6969	4085	0	0	0	46
690	3	47039	9915	4129	1	1	0	46
691	4	38086	6501	3655	1	0	0	46
692	2	33523	6855	3763	0	0	1	46
693	2	45132	9408	3981	0	0	0	46
694	4	42900	7852	4601	0	1	1	46
695	4	41193	7164	4571	1	0	1	46
696	2	41713	7231	3831	1	0	0	47
697	2	30983	5989	3478	0	0	0	47
698	4	44962	9482	5015	1	0	0	47
699	2	45053	8601	4294	0	0	0	47
700	2	37291	7535	3082	1	0	0	47
701	5	42045	8697	4943	1	1	0	47
702	4	44527	7614	5362	1	0	0	47
703	1	40589	7065	4910	0	0	1	47
704	5	39005	8737	4950	1	0	0	47
705	4	44419	8315	6462	1	0	0	47
706	2	43626	9210	3923	0	1	0	48
707	2	40547	7697	3075	1	1	0	48
708	3	34669	7543	3243	1	1	0	48
709	4	44614	8329	5406	1	0	1	48
710	4	48354	10387	5102	1	1	0	48
711	4	30928	6040	2413	1	0	0	48
712	3	32156	6314	2716	1	1	0	48
713	4	48688	9904	4883	0	1	1	48
714	6	40267	7792	3037	1	0	1	48
715	3	36503	7378	4633	1	0	0	48
716	2	44565	9091	4289	1	0	0	48
717	3	40931	8075	4345	1	0	0	48
718	1	39287	7243	4106	0	1	0	48
719	3	42604	8406	4588	0	1	1	48
720	3	40474	7277	4497	0	1	0	48
721	2	31802	7306	3089	0	0	0	49
722	2	46550	9411	4135	1	0	0	49
723	5	35362	6222	3396	0	1	0	49
724	5	30231	7174	3295	1	1	0	49
725	1	44779	9240	4824	1	1	0	49
726	4	40626	8744	4721	0	1	0	49
727	2	47597	10350	4022	0	1	0	49
728	1	34227	6664	4254	0	1	0	49
729	3	31825	6022	3595	1	0	0	49
730	2	30564	6107	2854	0	0	0	49
731	3	37537	7560	4758	0	0	0	49
732	2	34063	7329	3731	0	0	0	49
733	2	42161	8834	3987	1	0	0	49
734	3	39183	7840	3710	1	1	1	49
735	4	37556	8183	4208	0	0	0	49
736	3	37580	8173	3356	1	1	0	49
737	3	34017	6993	3349	0	1	0	49
738	2	35060	6986	3776	0	0	0	49
739	4	35121	7143	3177	0	0	0	49
740	4	33661	6218	3250	1	0	0	49
741	4	44070	8872	4519	1	0	0	50
742	4	36647	8087	4270	1	1	0	50
743	4	38134	7647	4062	1	0	0	50
744	2	42767	7808	3848	1	0	0	50
745	5	34236	6843	2862	0	1	0	50
746	3	36948	7217	3593	1	1	0	50
747	1	41851	7955	3008	0	0	0	50
748	4	44128	8860	4169	1	1	0	50
749	3	40516	8164	4157	0	0	0	50
750	2	37207	8285	4345	1	0	0	50
751	1	54576	11374	5685	1	1	0	51
752	2	35527	7184	4193	1	0	0	51
753	2	38585	8305	2409	0	0	0	51
754	1	38035	8171	4172	1	1	1	51
755	2	34313	7309	2688	0	0	0	51
756	2	41631	8525	3640	0	0	0	51
757	4	40796	8341	4572	1	0	0	51
758	3	36413	7447	3960	1	1	0	51
759	2	38554	8063	4136	1	1	0	51
760	4	46780	8837	4967	0	1	0	51
761	4	39310	9369	4768	1	1	0	51
762	4	37018	7466	3672	0	0	0	51
763	2	44410	9444	3677	0	0	0	51
764	2	38200	8565	4076	0	0	0	51
765	3	45018	8197	4499	0	1	0	51
766	2	31296	6203	2892	1	0	0	52
767	1	41252	7478	3474	1	0	0	52
768	4	35555	6559	3565	1	1	0	52
769	4	36952	7386	4468	1	1	0	52
770	4	47729	10325	4724	1	1	0	52
771	1	38068	7083	3827	0	1	0	52
772	1	47787	8601	5356	1	1	0	52
773	5	46877	8341	4959	0	1	0	52
774	3	36735	7633	3733	1	1	0	52
775	1	47705	10669	4438	1	0	1	52
776	4	43177	9592	5167	1	0	0	52
777	3	33741	6975	2944	1	1	0	52
778	2	43625	8487	4937	1	1	0	52
779	1	45200	9154	2702	1	0	0	52
780	4	43568	8377	4438	1	0	1	52
781	1	42676	8966	3944	1	0	0	52
782	5	48075	9753	5056	1	1	0	52
783	4	37379	7087	3504	1	0	1	52
784	4	43687	8760	4232	1	1	0	52
785	3	48244	9932	5355	0	1	1	52
786	3	38530	8682	3932	0	0	0	53
787	4	40913	8282	4533	1	0	0	53
788	3	46498	8909	4958	0	0	0	53
789	5	36599	8159	3749	1	1	0	53
790	3	34993	7002	3726	0	1	1	53
791	1	36015	8118	3946	1	1	0	53
792	1	50531	8924	4579	1	0	0	53
793	2	41268	7602	3550	1	0	0	53
794	4	38627	8154	4098	1	1	0	53
795	2	47974	9769	4754	1	1	0	53
796	1	55118	10424	6990	1	0	0	54
797	2	42236	7495	4362	1	0	0	54
798	2	31615	6142	3066	1	1	0	54
799	4	48708	9506	5930	1	0	0	54
800	1	44482	8048	5015	1	1	0	54
801	4	43007	8891	4786	1	0	0	54
802	1	35702	7305	3712	0	0	0	54
803	2	30518	5534	3723	1	1	0	54
804	4	51606	10328	5368	1	0	0	54
805	6	30357	7298	2772	1	0	0	54
806	3	37882	9092	3921	0	0	0	54
807	1	39246	7322	4053	0	1	1	54
808	5	37825	7854	4119	0	0	0	54
809	2	36438	7515	3161	0	1	0	54
810	4	46634	9580	4618	0	0	0	54
811	4	34008	6408	3376	0	1	0	55
812	2	34084	6352	4633	0	1	0	55
813	2	42935	8482	4053	1	1	1	55
814	3	37173	8033	3315	0	0	0	55
815	4	35697	6668	3075	1	1	0	55
816	1	34784	7441	4278	1	1	0	55
817	2	51969	11795	5613	1	0	1	55
818	4	39139	7600	4096	1	0	0	55
819	3	31449	7343	3061	1	0	0	55
820	4	40173	7221	3828	0	0	0	55
821	2	38415	7681	3398	1	1	0	55
822	4	35164	7693	3978	0	1	0	55
823	4	44188	8950	3389	0	0	0	55
824	2	41769	9045	4498	1	0	0	55
825	4	49818	9358	4440	0	1	0	55
826	4	36162	6995	3567	1	0	1	55
827	2	45772	10097	5045	0	0	0	55
828	3	37430	7255	3504	0	1	0	55
829	1	39201	7973	3059	0	1	0	55
830	4	46327	10344	5212	1	1	0	55
831	3	34943	6970	3811	1	0	0	56
832	2	39794	8342	4865	1	0	0	56
833	5	43818	8793	3418	0	0	0	56
834	3	40031	8009	4562	1	1	0	56
835	5	33901	6764	3244	1	1	0	56
836	3	35299	6474	2873	1	1	1	56
837	3	46006	8357	4465	1	0	0	56
838	1	45692	9492	4325	1	0	0	56
839	6	44650	8946	3842	1	0	0	56
840	2	35924	7209	4047	1	0	0	56
841	3	33720	7209	2379	0	1	0	57
842	2	30904	6062	2796	1	0	0	57
843	2	48324	9922	3920	1	0	0	57
844	4	31544	7083	3111	0	0	1	57
845	5	41145	8392	3713	1	1	0	57
846	1	42550	9749	5066	1	1	0	57
847	2	35553	7823	3814	0	1	0	57
848	1	36046	7713	4102	1	1	0	57
849	3	36386	7264	4415	1	1	0	57
850	2	48489	8645	5060	0	0	0	57
851	5	37600	7080	4239	0	0	0	57
852	2	38899	7847	4130	0	1	0	57
853	2	45043	9826	4612	1	0	0	57
854	3	38727	8563	2973	0	0	1	57
855	5	43274	9989	4713	0	1	0	57
856	3	38186	7955	4529	0	1	0	58
857	2	42718	8827	4529	1	0	0	58
858	2	40697	8398	4314	0	0	0	58
859	4	40622	9080	4425	1	0	0	58
860	4	33478	6613	3611	0	0	1	58
861	1	39737	6907	3825	0	0	0	58
862	2	43437	9508	4420	1	0	0	58
863	4	38354	7511	3591	0	1	0	58
864	1	49885	8754	5797	1	0	0	58
865	1	45532	9469	5790	1	0	1	58
866	3	40162	7957	4300	0	0	1	58
867	3	47216	8585	5253	1	1	0	58
868	2	42509	8383	3930	1	0	0	58
869	3	41892	7283	3681	0	1	0	58
870	5	36832	8820	3522	1	0	0	58
871	1	41639	9077	3814	1	0	0	58
872	1	40169	7759	4341	1	0	0	58
873	2	47814	10428	4246	1	0	0	58
874	3	30999	6688	3300	0	1	0	58
875	1	41095	8204	3412	1	1	0	58
876	5	42802	7833	4807	0	0	0	59
877	2	43735	9732	5710	0	1	0	59
878	5	41540	8734	4447	1	0	0	59
879	3	42386	9822	3967	1	0	1	59
880	2	38405	7638	4526	0	0	0	59
881	1	41654	8503	3334	0	0	0	59
882	3	40421	7619	4317	1	1	0	59
883	3	39218	7562	2840	0	0	0	59
884	1	31331	6130	3546	0	1	0	59
885	3	36005	7614	4257	1	0	0	59
886	2	42314	8123	3592	1	1	1	60
887	5	39338	8052	4626	1	1	0	60
888	4	37807	8236	4587	1	1	0	60
889	2	44295	8864	4752	1	1	1	60
890	3	37261	6633	3629	1	1	0	60
891	3	40146	8270	3657	1	0	0	60
892	2	45338	9552	3709	1	1	0	60
893	5	40740	8350	3603	1	1	0	60
894	4	32042	7141	2593	0	0	0	60
895	2	41521	8897	4769	1	1	0	60
896	1	46890	9266	5402	1	0	0	60
897	4	37570	7630	4152	0	0	1	60
898	2	38659	7022	4407	1	0	1	60
899	4	43030	8885	4725	1	0	0	60
900	1	45791	10396	5655	1	0	0	60
901	1	38700	7661	4157	0	0	0	61
902	3	38396	6367	4251	1	0	0	61
903	5	38117	8061	4032	0	1	0	61
904	5	32947	7216	3404	1	0	0	61
905	4	33032	7094	4053	0	0	0	61
906	1	34237	7510	2788	1	1	0	61
907	3	37902	7737	3526	0	0	1	61
908	2	31116	6622	3753	0	1	0	61
909	1	38288	7691	3544	1	0	0	61
910	4	37997	7797	3484	1	0	0	61
911	2	40671	8248	3953	1	0	0	61
912	5	36064	7535	2211	1	0	0	61
913	1	36073	7150	4350	1	1	0	61
914	4	44907	9892	4157	1	0	0	61
915	6	36133	7090	3369	1	0	1	61
916	1	34791	7730	3736	1	1	0	61
917	3	45716	9320	3787	0	1	0	61
918	3	39546	8143	3431	1	1	0	61
919	1	44595	8973	4717	1	0	0	61
920	2	36082	8372	3658	1	0	0	61
921	1	44690	9138	4871	1	0	0	62
922	5	34927	7749	3879	0	1	0	62
923	1	39979	7638	4904	1	0	0	62
924	2	33160	6231	3839	1	1	0	62
925	2	39798	8285	4470	0	1	0	62
926	4	37896	7864	3518	1	0	0	62
927	2	44111	8985	3407	0	0	1	62
928	2	36449	6897	3145	1	0	0	62
929	5	42601	7943	5293	1	0	0	62
930	4	34481	6196	3862	1	1	0	62
931	4	44461	8796	4457	1	1	0	63
932	3	37363	8509	3792	1	0	0	63
933	2	43773	8173	4961	1	0	0	63
934	3	38613	7566	4604	1	1	0	63
935	1	42529	8976	4418	1	1	0	63
936	2	44076	9475	5383	0	0	0	63
937	3	51069	11280	4939	0	1	0	63
938	1	42670	7875	4074	1	1	0	63
939	5	35069	7382	3981	0	0	0	63
940	3	40190	8952	4309	0	1	0	63
941	4	35595	6910	3884	1	0	1	63
942	4	43272	9507	5328	0	1	1	63
943	4	40324	8235	3207	1	0	0	63
944	2	37267	8179	3742	0	1	0	63
945	3	36060	6745	4249	0	0	0	63
946	5	40764	6833	3846	0	0	0	64
947	3	31474	6673	3315	1	0	1	64
948	1	42129	8588	3539	1	1	1	64
949	3	40712	8732	3776	0	0	0	64
950	1	45535	9024	4902	0	1	0	64
951	3	42720	8768	4057	1	0	0	64
952	1	34539	6725	2551	1	1	0	64
953	4	43668	9102	4222	1	0	0	64
954	2	38623	7590	2819	0	0	1	64
955	2	46482	7796	4674	1	1	0	64
956	2	37080	8142	3819	1	1	0	64
957	4	46564	9713	4829	1	0	1	64
958	3	39261	7762	3655	0	1	0	64
959	2	47052	9350	5737	1	0	0	64
960	2	43200	9141	4379	1	0	0	64
961	1	42036	9228	4461	1	0	0	64
962	2	35688	7073	3819	0	0	0	64
963	2	39879	8065	4152	1	0	0	64
964	4	33484	6011	4241	0	0	0	64
965	3	41473	7477	3459	0	0	0	64
966	2	36833	7024	4252	1	0	0	65
967	3	39537	8489	3289	1	0	0	65
968	4	41608	8675	4620	1	0	0	65
969	1	34287	7328	3425	0	0	0	65
970	5	31273	5908	3783	0	0	0	65
971	2	39284	7467	4507	1	0	0	65
972	4	40956	9253	3646	0	1	0	65
973	1	40177	8797	5051	1	1	0	65
974	1	44257	9921	5451	1	0	0	65
975	4	44707	9239	3773	0	0	0	65
976	3	35410	7586	3594	1	0	1	66
977	3	35950	6733	4437	1	1	0	66
978	3	41238	9413	3687	0	0	0	66
979	1	38627	8182	3162	1	0	0	66
980	3	50229	10545	6184	0	1	0	66
981	3	41567	7536	3520	1	0	0	66
982	2	36341	7224	4405	1	0	0	66
983	1	44476	9542	5776	0	1	0	66
984	6	43970	9133	5345	1	1	0	66
985	4	40127	8002	4247	0	1	0	66
986	4	34215	7755	2116	1	0	0	66
987	2	35298	8130	4052	1	1	0	66
988	3	42374	8125	4279	0	0	0	66
989	2	41458	8241	4000	1	0	0	66
990	1	43695	8493	5030	0	1	0	66
991	2	40605	8092	3680	0	0	0	67
992	1	40173	9581	4727	0	1	0	67
993	5	39011	8030	3131	1	0	0	67
994	3	41724	8410	4219	0	0	0	67
995	3	38231	7089	2960	1	0	0	67
996	2	41731	8494	3783	1	0	0	67
997	3	39741	8535	5030	1	0	0	67
998	1	50964	10135	5288	1	1	1	67
999	2	38742	7447	3798	1	0	1	67
1000	2	35071	7379	3720	1	0	0	67
1001	2	37583	7541	3538	1	0	0	67
1002	3	46924	8774	5179	0	1	0	67
1003	2	30615	6748	3450	0	1	1	67
1004	3	38928	8156	4450	1	1	0	67
1005	4	46794	10192	5981	0	1	0	67
1006	3	37056	7916	3181	0	1	0	67
1007	3	31688	5763	2655	0	0	0	67
1008	3	36181	7014	4530	1	1	0	67
1009	1	44991	7782	4121	0	0	0	67
1010	3	45305	8298	4948	0	1	0	67
1011	1	45265	10159	3924	1	0	0	68
1012	3	36671	6518	3023	0	1	0	68
1013	3	44347	9761	5551	0	0	0	68
1014	3	30547	5929	2997	1	0	0	68
1015	2	37950	7845	3065	1	0	1	68
1016	3	31604	6306	2450	0	1	0	68
1017	2	38557	8023	4333	0	0	0	68
1018	2	44340	8969	4922	0	1	0	68
1019	2	37932	7951	4909	1	0	1	68
1020	2	45076	7924	4690	1	1	0	68
1021	3	40863	8070	3768	0	0	0	69
1022	3	43008	9361	4367	1	1	0	69
1023	2	35170	7868	3184	1	0	0	69
1024	2	38825	7214	3294	1	0	1	69
1025	1	46947	10649	3818	0	0	0	69
1026	1	32789	6491	3390	0	0	0	69
1027	2	45665	8678	4739	0	1	0	69
1028	2	41138	8659	4746	1	0	0	69
1029	1	37364	6480	3286	1	1	0	69
1030	4	46492	10173	4190	0	1	0	69
1031	4	41986	8388	3420	0	0	0	69
1032	3	40862	8507	4106	1	1	0	69
1033	6	44227	9623	3987	1	0	0	69
1034	4	35091	6582	3724	1	1	0	69
1035	2	37274	8266	3707	1	0	0	69
1036	1	37443	7977	4052	1	0	0	70
1037	3	31811	7338	2174	0	0	0	70
1038	3	37698	7200	4089	0	1	0	70
1039	5	34870	7365	3129	0	0	0	70
1040	1	47945	9084	4431	1	1	0	70
1041	2	40766	8718	4316	0	1	0	70
1042	1	33357	6715	3342	1	0	0	70
1043	5	35789	7779	2541	0	0	0	70
1044	3	46974	10197	5301	0	0	0	70
1045	2	35639	8023	3259	1	1	0	70
1046	2	33085	7613	3814	1	1	0	70
1047	5	41211	8904	4709	1	0	0	70
1048	5	45449	9731	2964	1	0	0	70
1049	3	55379	11575	5700	0	0	0	70
1050	4	30612	5434	3386	1	1	0	70
1051	3	37172	7960	4071	1	1	0	70
1052	2	34166	6724	3722	1	0	0	70
1053	4	46520	9253	4944	1	1	0	70
1054	1	40243	8292	3638	1	0	0	70
1055	6	38657	8005	4654	1	1	0	70
1056	5	43071	9423	3043	1	0	0	71
1057	3	43727	9261	4759	1	1	1	71
1058	3	40289	7983	3949	0	1	0	71
1059	6	50273	8675	5190	0	0	0	71
1060	3	42209	8888	3836	1	0	0	71
1061	2	47392	9824	4299	1	1	0	71
1062	4	35507	7803	3054	1	0	0	71
1063	3	45693	9233	4896	0	0	0	71
1064	2	40258	8134	3512	1	1	0	71
1065	2	37969	7737	3946	0	0	0	71
1066	2	46969	9706	5125	1	0	0	72
1067	1	53049	9230	4863	0	1	0	72
1068	2	46606	8354	5659	0	1	0	72
1069	4	41734	8715	4288	0	0	0	72
1070	3	47826	9482	4839	0	0	0	72
1071	3	48484	8560	5017	0	0	0	72
1072	2	39415	7763	3020	1	1	0	72
1073	2	46539	9548	4677	0	0	1	72
1074	6	45221	9332	3047	1	0	0	72
1075	1	39597	8647	4266	1	1	0	72
1076	1	36407	6965	3150	1	0	0	72
1077	3	43592	9821	4974	0	0	0	72
1078	4	38494	7463	3776	0	0	1	72
1079	1	42697	8570	2897	1	1	1	72
1080	1	34563	6588	3543	1	0	0	72
1081	3	45132	10377	4137	1	0	0	73
1082	4	44129	9320	4582	1	0	0	73
1083	3	31532	6040	3328	1	1	0	73
1084	3	35065	6578	3193	1	0	0	73
1085	2	44176	8902	4369	0	0	0	73
1086	1	43698	8687	4287	1	1	0	73
1087	2	32699	6652	3468	0	0	0	73
1088	1	42001	8172	4059	1	1	0	73
1089	3	35559	7864	3681	1	0	0	73
1090	3	36026	7053	3895	1	0	0	73
1091	4	41061	8657	3601	1	0	0	73
1092	3	43033	8859	4796	0	0	0	73
1093	1	34387	6612	3929	0	0	0	73
1094	3	49053	10022	4596	0	1	0	73
1095	4	37215	7485	3702	1	0	0	73
1096	3	34306	5750	3925	1	0	0	73
1097	3	32824	6602	3475	1	0	0	73
1098	3	39835	8504	3248	1	0	1	73
1099	2	39875	7573	3817	1	0	0	73
1100	5	43909	8753	4115	1	1	0	73
1101	2	43395	8370	4764	1	0	0	74
1102	3	40430	7606	4429	1	1	0	74
1103	5	37433	6628	3772	1	0	0	74
1104	4	40138	8232	5409	1	0	0	74
1105	1	39720	7087	3612	0	0	0	74
1106	2	38141	7554	3883	1	0	0	74
1107	3	36122	6796	3806	1	0	0	74
1108	3	47643	8897	4702	1	0	0	74
1109	4	33216	7002	4178	1	1	0	74
1110	2	40960	7854	3870	1	0	0	74
1111	5	36998	6600	3844	1	1	0	75
1112	3	31159	5392	2893	0	0	0	75
1113	1	35906	7306	4173	1	0	0	75
1114	1	37326	7365	3752	1	1	0	75
1115	3	43255	8653	3327	1	0	0	75
1116	5	34654	6138	3850	1	0	0	75
1117	3	34029	7685	4520	1	0	0	75
1118	5	48640	10286	4302	1	0	0	75
1119	4	35055	6960	3199	1	0	0	75
1120	1	36818	8380	3366	0	0	0	75
1121	1	37146	8045	4161	0	0	1	75
1122	3	37969	7958	4397	1	0	0	75
1123	4	39067	8990	4058	1	0	0	75
1124	3	43844	10450	4116	1	0	0	75
1125	2	37409	6204	2827	1	0	0	75
1126	5	48380	8974	4229	0	1	1	76
1127	4	44907	8840	3407	1	0	0	76
1128	1	35422	7170	3247	1	0	0	76
1129	1	33706	6576	4122	1	1	0	76
1130	2	34339	7152	3217	1	0	0	76
1131	2	45648	8791	4733	0	1	0	76
1132	4	39904	8983	4514	1	0	1	76
1133	5	40350	8528	3442	1	0	0	76
1134	4	39616	7585	3743	1	0	0	76
1135	1	39609	8756	4898	0	1	0	76
1136	2	34558	7357	3714	0	0	1	76
1137	3	35006	8208	3475	1	1	0	76
1138	2	45131	10281	4450	1	1	1	76
1139	2	35596	8306	2909	1	0	0	76
1140	4	36864	7246	3390	0	1	0	76
1141	2	35545	7406	3432	1	0	0	76
1142	1	40178	8592	3998	0	0	0	76
1143	2	38794	6876	3673	1	1	0	76
1144	3	37777	7973	4482	0	0	0	76
1145	2	45513	7953	4168	1	1	0	76
1146	1	30465	6334	3271	1	1	0	77
1147	4	44480	8243	5096	0	0	0	77
1148	4	47904	9131	5174	1	1	0	77
1149	3	37901	7274	3680	0	1	0	77
1150	1	36410	7974	3921	1	1	0	77
1151	4	46768	9353	3647	1	0	0	77
1152	3	32525	6557	3507	1	0	0	77
1153	3	47208	8490	4083	1	0	0	77
1154	3	42397	8399	4605	0	0	0	77
1155	4	38852	8436	4373	1	0	0	77
1156	3	38243	8066	4154	0	0	0	78
1157	3	34045	7550	3288	0	0	0	78
1158	3	43907	9088	3439	1	0	0	78
1159	2	43422	8725	5400	1	1	0	78
1160	4	30406	6724	2520	1	0	0	78
1161	3	48700	8939	4829	0	0	1	78
1162	3	47368	8794	5121	0	0	0	78
1163	1	36790	8155	3487	1	1	0	78
1164	2	45474	9848	4938	0	1	0	78
1165	3	40582	8123	4647	1	1	0	78
1166	2	39241	8346	4259	1	0	0	78
1167	3	37719	7333	3260	0	1	0	78
1168	3	37602	8299	3536	0	1	1	78
1169	4	48589	9255	4763	0	1	0	78
1170	2	42812	8913	4515	1	1	0	78
1171	4	43776	8061	4124	0	0	0	79
1172	3	42350	7891	2531	1	1	0	79
1173	1	35839	7313	3735	1	1	0	79
1174	3	35029	6214	3954	1	0	0	79
1175	3	36496	6578	3875	1	1	0	79
1176	4	45333	9692	4795	1	0	0	79
1177	4	44264	8565	3908	1	1	0	79
1178	1	39692	8730	3288	0	0	0	79
1179	3	37926	8156	5104	1	1	1	79
1180	4	36938	8028	3427	0	0	0	79
1181	1	40615	8159	3504	1	1	0	79
1182	5	45047	8791	4586	1	0	0	79
1183	5	37670	7153	4263	0	0	0	79
1184	3	41708	8921	4321	0	0	0	79
1185	2	47236	10577	4388	1	1	0	79
1186	3	40796	9142	3982	0	0	0	79
1187	4	36617	6916	3675	0	0	1	79
1188	3	38692	7763	3867	1	0	0	79
1189	5	40716	8746	5411	1	0	0	79
1190	2	36745	7184	3736	1	0	1	79
1191	2	31220	6378	2996	0	1	0	80
1192	4	39039	8790	3926	0	0	0	80
1193	3	41340	9202	4769	1	1	0	80
1194	2	33987	6271	3116	0	0	0	80
1195	1	36215	7280	3903	1	1	0	80
1196	2	38623	6654	3551	1	0	0	80
1197	2	34922	7243	3670	0	1	0	80
1198	2	47278	10309	5533	1	1	0	80
1199	3	37518	7967	4751	0	0	0	80
1200	2	42623	9494	3752	1	0	0	80
1201	1	36068	7877	2545	1	0	0	81
1202	1	43294	8067	4251	0	1	0	81
1203	3	38274	7825	4428	1	0	0	81
1204	4	44565	9185	4084	0	0	0	81
1205	1	37549	7633	4217	1	1	0	81
1206	3	43198	8262	4529	1	0	0	81
1207	1	45225	9621	4311	1	0	0	81
1208	4	40781	7488	4508	0	0	0	81
1209	4	40475	6795	4903	1	0	0	81
1210	2	37974	7564	4487	1	0	0	81
1211	2	42611	8332	5125	0	1	0	81
1212	5	46212	8429	4445	1	1	0	81
1213	1	39957	7401	3780	0	0	0	81
1214	2	34936	6449	3934	1	0	0	81
1215	2	45773	9403	3695	1	1	0	81
1216	3	32502	6946	3003	1	0	0	82
1217	3	40950	8281	4367	1	1	0	82
1218	2	38883	8507	4772	1	0	1	82
1219	3	36644	7109	3611	0	0	0	82
1220	4	34302	7381	2491	0	1	0	82
1221	3	33947	6906	3175	0	0	1	82
1222	4	31302	6608	2499	0	1	0	82
1223	1	38333	7226	4433	1	0	0	82
1224	3	39751	8722	4476	1	1	0	82
1225	1	40241	8534	4672	1	1	0	82
1226	3	36092	7310	2681	1	0	0	82
1227	2	35973	8015	3806	0	0	0	82
1228	1	36041	7643	3866	0	0	0	82
1229	4	46408	10806	4251	0	1	1	82
1230	4	35219	7435	4877	0	0	0	82
1231	3	41022	8905	3132	1	0	0	82
1232	4	46024	8777	4545	1	0	0	82
1233	4	42728	8161	3827	0	0	0	82
1234	4	42754	8259	3677	1	1	0	82
1235	2	36220	7015	3325	1	0	0	82
1236	2	31788	5795	3465	1	1	0	83
1237	3	40216	8457	3851	1	1	1	83
1238	2	37332	7227	2711	1	1	0	83
1239	4	35137	8002	4478	1	0	1	83
1240	2	48181	9664	4269	1	0	0	83
1241	4	39405	8491	2925	1	1	0	83
1242	4	51806	11206	4232	0	0	0	83
1243	3	43526	8391	3369	0	0	0	83
1244	2	40350	6856	2866	1	1	0	83
1245	2	41444	8316	4938	1	0	0	83
1246	2	47640	10366	5259	0	0	0	84
1247	2	31107	6463	2775	1	1	1	84
1248	2	32168	7155	2607	0	1	0	84
1249	4	37834	8496	3131	1	0	0	84
1250	2	41710	8597	3919	0	0	0	84
1251	1	40663	8123	3487	1	1	0	84
1252	2	34430	6617	3210	0	1	0	84
1253	2	40047	7873	3599	1	0	0	84
1254	5	44731	9079	4807	1	0	0	84
1255	1	44967	9262	4310	0	0	1	84
1256	5	45990	8875	5576	1	0	0	84
1257	3	32884	5790	3065	0	0	0	84
1258	3	35170	6940	3798	0	0	0	84
1259	2	35013	7018	2984	1	0	0	84
1260	4	40301	7328	4310	1	0	0	84
1261	5	43408	8134	4677	1	0	0	85
1262	3	35239	7269	3093	1	0	0	85
1263	2	36967	6923	3977	0	0	1	85
1264	5	48066	10015	5314	1	0	0	85
1265	2	42074	8029	3966	1	1	0	85
1266	5	46296	9443	4422	1	1	1	85
1267	4	41465	7726	3181	1	1	0	85
1268	1	45003	9727	4903	1	0	0	85
1269	3	33158	6954	3779	0	0	0	85
1270	2	44192	9409	4129	1	1	0	85
1271	2	31346	6777	3873	1	1	0	85
1272	1	45630	8898	5495	1	0	0	85
1273	1	39111	7906	3999	1	1	0	85
1274	5	32996	6857	3148	1	0	0	85
1275	2	40045	8423	4212	0	1	0	85
1276	4	39039	7860	3463	0	1	0	85
1277	2	38528	6477	4443	1	1	0	85
1278	2	35536	6968	3076	0	1	0	85
1279	4	37812	8395	3838	1	0	1	85
1280	4	32565	6584	2747	0	1	0	85
1281	3	37418	8168	4462	1	0	0	86
1282	2	34191	7394	3740	1	0	0	86
1283	1	42949	9131	3957	1	0	1	86
1284	3	39309	8672	3575	1	1	0	86
1285	5	38453	7906	4410	0	1	0	86
1286	4	45382	9851	5539	0	1	1	86
1287	2	35256	6663	2270	0	0	0	86
1288	4	45452	8457	4507	1	1	0	86
1289	4	32911	6489	2377	1	1	0	86
1290	1	31182	5745	3712	0	1	0	86
1291	3	38876	8326	4825	1	0	0	87
1292	3	38281	7708	3500	1	0	0	87
1293	1	39962	7718	3869	0	0	0	87
1294	4	31499	6518	2337	1	1	0	87
1295	2	41712	8560	4425	1	1	0	87
1296	1	35882	7850	5203	1	1	0	87
1297	1	33021	6667	2826	1	0	0	87
1298	1	40264	8248	3706	1	0	0	87
1299	4	38620	7402	3872	0	1	0	87
1300	2	34427	6733	4004	1	1	0	87
1301	1	37830	7884	3520	0	1	0	87
1302	2	44054	9076	4496	0	0	0	87
1303	2	40562	8091	4081	1	1	0	87
1304	1	39003	8247	3090	0	0	0	87
1305	3	46968	9587	4590	0	1	0	87
1306	2	36598	7134	2992	1	1	0	88
1307	4	41898	9071	4327	0	0	0	88
1308	1	48903	10500	4662	1	0	0	88
1309	1	40476	8205	4026	0	1	0	88
1310	4	37603	8165	3705	1	0	0	88
1311	1	38007	8545	5132	0	1	0	88
1312	3	38333	7891	4363	0	0	0	88
1313	5	37282	7210	4142	1	0	0	88
1314	3	34325	6820	3114	0	0	0	88
1315	2	40441	8292	3414	0	1	1	88
1316	1	43472	8521	4074	1	1	0	88
1317	1	37111	8022	3305	1	1	0	88
1318	3	34339	6270	3030	1	0	0	88
1319	1	41770	8266	3187	1	0	0	88
1320	3	46806	9471	3826	0	0	0	88
1321	4	42578	9887	4954	1	0	0	88
1322	1	47933	10159	4214	0	0	0	88
1323	3	37331	7900	3437	1	0	0	88
1324	1	34692	6872	2354	1	0	0	88
1325	4	46137	8554	5425	1	1	0	88
1326	4	38575	6977	4594	1	0	0	89
1327	1	41059	8679	4176	1	1	0	89
1328	4	39082	8324	3987	1	1	0	89
1329	3	41582	9139	4565	1	0	0	89
1330	5	39876	8174	4174	0	0	0	89
1331	4	37582	8153	4292	0	1	1	89
1332	3	41549	7913	4296	0	1	0	89
1333	5	40998	8903	3336	0	1	1	89
1334	2	39242	8262	3814	0	1	0	89
1335	2	42757	7712	4208	1	0	0	89
1336	3	42814	9717	6178	0	0	0	90
1337	4	34994	7101	3827	1	0	0	90
1338	3	42877	8559	4539	1	0	0	90
1339	2	30898	6550	3184	1	0	0	90
1340	5	43694	9139	4268	1	0	1	90
1341	2	46258	8861	4974	1	1	0	90
1342	2	38594	7812	4725	1	1	0	90
1343	3	36629	7710	3583	0	1	0	90
1344	2	42020	7927	4953	1	1	0	90
1345	3	34655	6678	3488	0	0	0	90
1346	4	38544	6895	3786	0	1	0	90
1347	3	44690	9005	4101	1	1	0	90
1348	1	45881	9207	4590	1	1	0	90
1349	5	45158	9276	5609	0	0	0	90
1350	2	49328	10257	4259	0	0	0	90
1351	6	39384	7878	4028	0	0	0	91
1352	2	36351	7127	2796	0	0	0	91
1353	2	42345	7094	4519	1	0	0	91
1354	4	38083	7896	4644	0	0	0	91
1355	4	44870	8345	5630	1	0	0	91
1356	2	33676	7700	3452	0	0	0	91
1357	3	36373	6704	3927	1	1	0	91
1358	2	37795	7834	3422	1	1	0	91
1359	1	37123	7371	2504	1	0	0	91
1360	4	33315	6603	3185	1	1	0	91
1361	1	37608	8531	3331	1	1	0	91
1362	1	38878	7783	2949	0	0	0	91
1363	3	38768	7277	3194	0	0	0	91
1364	4	44415	9371	3914	1	0	0	91
1365	3	36802	7048	3886	1	0	1	91
1366	4	36768	8134	3269	1	0	0	91
1367	4	36744	7128	2917	0	0	0	91
1368	3	35351	6913	3060	0	0	0	91
1369	2	47921	10290	3186	1	1	0	91
1370	3	34568	7517	3800	1	0	0	91
1371	2	32935	6203	3030	1	1	0	92
1372	5	38193	7798	4260	0	0	0	92
1373	4	40160	9411	4233	1	0	0	92
1374	3	41786	8988	4085	1	0	0	92
1375	5	43614	9452	3531	0	0	0	92
1376	2	38372	7978	4057	1	0	0	92
1377	3	47023	10047	4528	0	0	0	92
1378	4	43884	8705	4693	1	0	0	92
1379	4	42117	9353	4348	0	0	0	92
1380	1	41387	7371	3392	0	0	0	92
1381	3	54593	10863	4511	0	0	1	93
1382	4	47199	9503	5914	0	0	0	93
1383	4	41188	8077	3750	1	1	0	93
1384	1	41924	8959	4406	1	0	0	93
1385	4	30583	6538	3675	0	1	0	93
1386	2	43562	8357	5347	1	1	0	93
1387	2	36135	7180	3274	1	0	0	93
1388	3	41895	8627	4183	1	1	0	93
1389	2	40490	9170	3903	0	1	0	93
1390	4	31105	6421	2419	1	0	0	93
1391	1	37065	7902	4376	1	0	0	93
1392	1	41453	8756	2475	1	0	0	93
1393	3	36407	7179	3953	1	1	0	93
1394	4	44520	9360	3656	1	1	0	93
1395	2	42630	8647	4577	1	1	0	93
1396	4	31315	6359	4093	1	0	0	94
1397	2	37800	8211	4492	1	1	0	94
1398	2	39657	9143	3670	1	1	0	94
1399	3	41556	8349	3238	1	1	0	94
1400	3	43000	8107	4836	0	1	0	94
1401	3	35587	7523	3434	0	0	0	94
1402	2	43385	9260	4516	1	1	0	94
1403	5	44197	8083	4964	0	0	0	94
1404	1	42920	8086	3818	1	1	0	94
1405	2	34214	7407	3641	1	0	0	94
1406	5	42140	8477	4034	1	0	0	94
1407	2	41294	8273	3733	1	0	0	94
1408	5	41243	8784	3813	1	0	0	94
1409	1	41392	8352	4874	1	0	0	94
1410	3	47600	8972	5615	1	0	0	94
1411	2	42126	8484	4882	0	1	0	94
1412	3	36495	7217	3932	0	0	0	94
1413	4	35210	7318	3580	0	0	0	94
1414	1	47932	9627	4708	1	0	0	94
1415	2	39245	8459	3839	0	0	0	94
1416	2	41805	8064	5013	1	1	1	95
1417	1	48293	9232	4239	0	1	0	95
1418	1	48040	9632	4530	1	1	0	95
1419	5	41983	8161	5358	1	0	0	95
1420	4	38764	8099	3428	1	0	1	95
1421	2	38697	6594	3391	0	0	0	95
1422	3	37251	7510	3386	0	1	0	95
1423	1	40911	8162	3439	1	1	0	95
1424	2	44806	8315	4707	1	1	0	95
1425	2	42237	8448	5277	1	0	0	95
1426	1	32885	7229	3774	1	0	0	96
1427	3	40449	8052	4335	0	0	0	96
1428	3	30070	5950	3272	1	0	0	96
1429	3	40918	9292	4753	0	1	0	96
1430	2	48139	10886	5241	0	0	0	96
1431	3	36799	7697	3782	1	0	0	96
1432	3	34670	7412	3659	1	0	0	96
1433	3	42173	7809	4673	0	0	0	96
1434	3	42728	8716	4936	0	0	0	96
1435	2	43407	9026	4965	1	0	0	96
1436	4	37307	7833	3169	1	1	0	96
1437	2	43591	9232	4804	1	0	0	96
1438	2	49711	9811	4436	1	1	0	96
1439	3	41126	8829	4069	0	0	1	96
1440	1	41178	7017	4855	1	1	0	96
1441	3	47818	10883	3785	1	1	0	97
1442	1	46953	8603	3961	0	0	1	97
1443	5	35275	6891	3624	1	1	0	97
1444	1	38095	7577	3119	1	0	0	97
1445	3	42317	7895	6321	0	1	0	97
1446	3	36645	7755	3948	1	1	0	97
1447	1	41782	8556	5203	1	1	0	97
1448	3	46774	10251	5258	0	1	0	97
1449	3	42512	9424	4565	0	1	0	97
1450	1	47678	9348	4680	1	0	0	97
1451	1	39233	9083	4688	1	1	0	97
1452	3	42469	7798	4537	1	1	1	97
1453	3	37678	7646	2769	1	1	0	97
1454	2	31135	6106	2678	1	0	0	97
1455	3	43325	9155	4763	1	0	0	97
1456	2	37811	8110	4714	1	0	1	97
1457	3	35108	6718	2443	1	0	0	97
1458	5	36880	6829	3584	0	1	0	97
1459	4	44735	9116	4612	0	1	0	97
1460	2	36794	8080	3637	1	0	0	97
1461	1	41341	8657	3969	1	0	0	98
1462	5	42032	8199	4638	1	1	0	98
1463	5	44948	8951	4155	1	1	0	98
1464	4	41177	8815	3408	1	1	0	98
1465	3	37641	7376	4504	1	0	0	98
1466	5	40318	8236	4408	1	0	0	98
1467	1	46111	8882	3877	1	0	0	98
1468	2	43257	9225	4766	1	0	0	98
1469	2	39378	8919	3638	0	0	1	98
1470	2	39639	7144	5399	0	0	0	98
1471	2	37409	8609	2867	0	1	1	99
1472	1	40322	8694	3688	1	1	0	99
1473	3	41196	8850	3664	1	1	0	99
1474	2	47405	9804	5384	1	1	0	99
1475	1	43960	10621	4987	0	1	0	99
1476	4	35460	7374	3445	0	0	0	99
1477	1	37679	6568	3158	1	1	0	99
1478	2	37044	7909	3389	1	0	0	99
1479	5	50421	10421	4213	1	0	0	99
1480	5	35643	6384	3628	0	0	0	99
1481	3	44192	9686	4443	1	1	0	99
1482	1	39154	8684	2900	0	0	0	99
1483	3	41480	8571	5519	0	0	1	99
1484	2	38045	7865	2892	1	0	0	99
1485	2	47577	10474	4183	1	0	0	99
1486	3	35712	7015	3438	1	1	1	100
1487	5	31437	5357	3721	1	0	1	100
1488	3	35511	6978	3000	0	1	1	100
1489	4	41410	8752	3191	1	0	0	100
1490	3	35792	7874	4514	0	0	0	100
1491	6	45053	9182	4643	1	1	0	100
1492	2	47127	9026	4354	0	0	0	100
1493	2	35491	6823	3845	1	1	0	100
1494	5	51224	10850	5270	1	0	0	100
1495	2	36854	7854	3857	1	1	0	100
1496	3	34827	7512	2920	0	1	1	100
1497	2	34261	7071	3672	0	1	0	100
1498	4	35628	7152	3774	0	0	0	100
1499	5	51082	9819	5265	1	0	0	100
1500	3	41970	8305	5006	1	1	1	100
